"STATION","DATE","LATITUDE","LONGITUDE","ELEVATION","NAME","month","day","hour","MLY-TAVG-NORMAL","meas_flag_MLY-TAVG-NORMAL","comp_flag_MLY-TAVG-NORMAL","years_MLY-TAVG-NORMAL","MLY-TMAX-NORMAL","meas_flag_MLY-TMAX-NORMAL","comp_flag_MLY-TMAX-NORMAL","years_MLY-TMAX-NORMAL","MLY-TMIN-NORMAL","meas_flag_MLY-TMIN-NORMAL","comp_flag_MLY-TMIN-NORMAL","years_MLY-TMIN-NORMAL","MLY-DUTR-NORMAL","meas_flag_MLY-DUTR-NORMAL","comp_flag_MLY-DUTR-NORMAL","years_MLY-DUTR-NORMAL","MLY-TAVG-STDDEV","meas_flag_MLY-TAVG-STDDEV","comp_flag_MLY-TAVG-STDDEV","years_MLY-TAVG-STDDEV","MLY-TMAX-STDDEV","meas_flag_MLY-TMAX-STDDEV","comp_flag_MLY-TMAX-STDDEV","years_MLY-TMAX-STDDEV","MLY-TMIN-STDDEV","meas_flag_MLY-TMIN-STDDEV","comp_flag_MLY-TMIN-STDDEV","years_MLY-TMIN-STDDEV","MLY-DUTR-STDDEV","meas_flag_MLY-DUTR-STDDEV","comp_flag_MLY-DUTR-STDDEV","years_MLY-DUTR-STDDEV","MLY-TMIN-AVGNDS-LSTH000","meas_flag_MLY-TMIN-AVGNDS-LSTH000","comp_flag_MLY-TMIN-AVGNDS-LSTH000","years_MLY-TMIN-AVGNDS-LSTH000","MLY-TMIN-AVGNDS-LSTH010","meas_flag_MLY-TMIN-AVGNDS-LSTH010","comp_flag_MLY-TMIN-AVGNDS-LSTH010","years_MLY-TMIN-AVGNDS-LSTH010","MLY-TMIN-AVGNDS-LSTH020","meas_flag_MLY-TMIN-AVGNDS-LSTH020","comp_flag_MLY-TMIN-AVGNDS-LSTH020","years_MLY-TMIN-AVGNDS-LSTH020","MLY-TMIN-AVGNDS-LSTH032","meas_flag_MLY-TMIN-AVGNDS-LSTH032","comp_flag_MLY-TMIN-AVGNDS-LSTH032","years_MLY-TMIN-AVGNDS-LSTH032","MLY-TMIN-AVGNDS-LSTH040","meas_flag_MLY-TMIN-AVGNDS-LSTH040","comp_flag_MLY-TMIN-AVGNDS-LSTH040","years_MLY-TMIN-AVGNDS-LSTH040","MLY-TMIN-AVGNDS-LSTH050","meas_flag_MLY-TMIN-AVGNDS-LSTH050","comp_flag_MLY-TMIN-AVGNDS-LSTH050","years_MLY-TMIN-AVGNDS-LSTH050","MLY-TMIN-AVGNDS-LSTH060","meas_flag_MLY-TMIN-AVGNDS-LSTH060","comp_flag_MLY-TMIN-AVGNDS-LSTH060","years_MLY-TMIN-AVGNDS-LSTH060","MLY-TMIN-AVGNDS-LSTH070","meas_flag_MLY-TMIN-AVGNDS-LSTH070","comp_flag_MLY-TMIN-AVGNDS-LSTH070","years_MLY-TMIN-AVGNDS-LSTH070","MLY-TMAX-AVGNDS-GRTH032","meas_flag_MLY-TMAX-AVGNDS-GRTH032","comp_flag_MLY-TMAX-AVGNDS-GRTH032","years_MLY-TMAX-AVGNDS-GRTH032","MLY-TMAX-AVGNDS-GRTH040","meas_flag_MLY-TMAX-AVGNDS-GRTH040","comp_flag_MLY-TMAX-AVGNDS-GRTH040","years_MLY-TMAX-AVGNDS-GRTH040","MLY-TMAX-AVGNDS-GRTH050","meas_flag_MLY-TMAX-AVGNDS-GRTH050","comp_flag_MLY-TMAX-AVGNDS-GRTH050","years_MLY-TMAX-AVGNDS-GRTH050","MLY-TMAX-AVGNDS-GRTH060","meas_flag_MLY-TMAX-AVGNDS-GRTH060","comp_flag_MLY-TMAX-AVGNDS-GRTH060","years_MLY-TMAX-AVGNDS-GRTH060","MLY-TMAX-AVGNDS-GRTH070","meas_flag_MLY-TMAX-AVGNDS-GRTH070","comp_flag_MLY-TMAX-AVGNDS-GRTH070","years_MLY-TMAX-AVGNDS-GRTH070","MLY-TMAX-AVGNDS-GRTH080","meas_flag_MLY-TMAX-AVGNDS-GRTH080","comp_flag_MLY-TMAX-AVGNDS-GRTH080","years_MLY-TMAX-AVGNDS-GRTH080","MLY-TMAX-AVGNDS-GRTH090","meas_flag_MLY-TMAX-AVGNDS-GRTH090","comp_flag_MLY-TMAX-AVGNDS-GRTH090","years_MLY-TMAX-AVGNDS-GRTH090","MLY-TMAX-AVGNDS-GRTH100","meas_flag_MLY-TMAX-AVGNDS-GRTH100","comp_flag_MLY-TMAX-AVGNDS-GRTH100","years_MLY-TMAX-AVGNDS-GRTH100","MLY-TMAX-AVGNDS-LSTH032","meas_flag_MLY-TMAX-AVGNDS-LSTH032","comp_flag_MLY-TMAX-AVGNDS-LSTH032","years_MLY-TMAX-AVGNDS-LSTH032","MLY-HTDD-NORMAL","meas_flag_MLY-HTDD-NORMAL","comp_flag_MLY-HTDD-NORMAL","years_MLY-HTDD-NORMAL","MLY-HTDD-BASE40","meas_flag_MLY-HTDD-BASE40","comp_flag_MLY-HTDD-BASE40","years_MLY-HTDD-BASE40","MLY-HTDD-BASE45","meas_flag_MLY-HTDD-BASE45","comp_flag_MLY-HTDD-BASE45","years_MLY-HTDD-BASE45","MLY-HTDD-BASE50","meas_flag_MLY-HTDD-BASE50","comp_flag_MLY-HTDD-BASE50","years_MLY-HTDD-BASE50","MLY-HTDD-BASE55","meas_flag_MLY-HTDD-BASE55","comp_flag_MLY-HTDD-BASE55","years_MLY-HTDD-BASE55","MLY-HTDD-BASE57","meas_flag_MLY-HTDD-BASE57","comp_flag_MLY-HTDD-BASE57","years_MLY-HTDD-BASE57","MLY-HTDD-BASE60","meas_flag_MLY-HTDD-BASE60","comp_flag_MLY-HTDD-BASE60","years_MLY-HTDD-BASE60","MLY-CLDD-NORMAL","meas_flag_MLY-CLDD-NORMAL","comp_flag_MLY-CLDD-NORMAL","years_MLY-CLDD-NORMAL","MLY-CLDD-BASE40","meas_flag_MLY-CLDD-BASE40","comp_flag_MLY-CLDD-BASE40","years_MLY-CLDD-BASE40","MLY-CLDD-BASE45","meas_flag_MLY-CLDD-BASE45","comp_flag_MLY-CLDD-BASE45","years_MLY-CLDD-BASE45","MLY-CLDD-BASE50","meas_flag_MLY-CLDD-BASE50","comp_flag_MLY-CLDD-BASE50","years_MLY-CLDD-BASE50","MLY-CLDD-BASE55","meas_flag_MLY-CLDD-BASE55","comp_flag_MLY-CLDD-BASE55","years_MLY-CLDD-BASE55","MLY-CLDD-BASE57","meas_flag_MLY-CLDD-BASE57","comp_flag_MLY-CLDD-BASE57","years_MLY-CLDD-BASE57","MLY-CLDD-BASE60","meas_flag_MLY-CLDD-BASE60","comp_flag_MLY-CLDD-BASE60","years_MLY-CLDD-BASE60","MLY-CLDD-BASE70","meas_flag_MLY-CLDD-BASE70","comp_flag_MLY-CLDD-BASE70","years_MLY-CLDD-BASE70","MLY-CLDD-BASE72","meas_flag_MLY-CLDD-BASE72","comp_flag_MLY-CLDD-BASE72","years_MLY-CLDD-BASE72","MLY-GRDD-BASE65","meas_flag_MLY-GRDD-BASE65","comp_flag_MLY-GRDD-BASE65","years_MLY-GRDD-BASE65","MLY-GRDD-BASE40","meas_flag_MLY-GRDD-BASE40","comp_flag_MLY-GRDD-BASE40","years_MLY-GRDD-BASE40","MLY-GRDD-BASE45","meas_flag_MLY-GRDD-BASE45","comp_flag_MLY-GRDD-BASE45","years_MLY-GRDD-BASE45","MLY-GRDD-BASE50","meas_flag_MLY-GRDD-BASE50","comp_flag_MLY-GRDD-BASE50","years_MLY-GRDD-BASE50","MLY-GRDD-BASE55","meas_flag_MLY-GRDD-BASE55","comp_flag_MLY-GRDD-BASE55","years_MLY-GRDD-BASE55","MLY-GRDD-BASE57","meas_flag_MLY-GRDD-BASE57","comp_flag_MLY-GRDD-BASE57","years_MLY-GRDD-BASE57","MLY-GRDD-BASE60","meas_flag_MLY-GRDD-BASE60","comp_flag_MLY-GRDD-BASE60","years_MLY-GRDD-BASE60","MLY-GRDD-BASE70","meas_flag_MLY-GRDD-BASE70","comp_flag_MLY-GRDD-BASE70","years_MLY-GRDD-BASE70","MLY-GRDD-BASE72","meas_flag_MLY-GRDD-BASE72","comp_flag_MLY-GRDD-BASE72","years_MLY-GRDD-BASE72","MLY-GRDD-TB4886","meas_flag_MLY-GRDD-TB4886","comp_flag_MLY-GRDD-TB4886","years_MLY-GRDD-TB4886","MLY-GRDD-TB5086","meas_flag_MLY-GRDD-TB5086","comp_flag_MLY-GRDD-TB5086","years_MLY-GRDD-TB5086","MLY-TMIN-PRBOCC-LSTH016","meas_flag_MLY-TMIN-PRBOCC-LSTH016","comp_flag_MLY-TMIN-PRBOCC-LSTH016","years_MLY-TMIN-PRBOCC-LSTH016","MLY-TMIN-PRBOCC-LSTH020","meas_flag_MLY-TMIN-PRBOCC-LSTH020","comp_flag_MLY-TMIN-PRBOCC-LSTH020","years_MLY-TMIN-PRBOCC-LSTH020","MLY-TMIN-PRBOCC-LSTH024","meas_flag_MLY-TMIN-PRBOCC-LSTH024","comp_flag_MLY-TMIN-PRBOCC-LSTH024","years_MLY-TMIN-PRBOCC-LSTH024","MLY-TMIN-PRBOCC-LSTH028","meas_flag_MLY-TMIN-PRBOCC-LSTH028","comp_flag_MLY-TMIN-PRBOCC-LSTH028","years_MLY-TMIN-PRBOCC-LSTH028","MLY-TMIN-PRBOCC-LSTH032","meas_flag_MLY-TMIN-PRBOCC-LSTH032","comp_flag_MLY-TMIN-PRBOCC-LSTH032","years_MLY-TMIN-PRBOCC-LSTH032","MLY-TMIN-PRBOCC-LSTH036","meas_flag_MLY-TMIN-PRBOCC-LSTH036","comp_flag_MLY-TMIN-PRBOCC-LSTH036","years_MLY-TMIN-PRBOCC-LSTH036","MLY-PRCP-NORMAL","meas_flag_MLY-PRCP-NORMAL","comp_flag_MLY-PRCP-NORMAL","years_MLY-PRCP-NORMAL","MLY-PRCP-AVGNDS-GE001HI","meas_flag_MLY-PRCP-AVGNDS-GE001HI","comp_flag_MLY-PRCP-AVGNDS-GE001HI","years_MLY-PRCP-AVGNDS-GE001HI","MLY-PRCP-AVGNDS-GE010HI","meas_flag_MLY-PRCP-AVGNDS-GE010HI","comp_flag_MLY-PRCP-AVGNDS-GE010HI","years_MLY-PRCP-AVGNDS-GE010HI","MLY-PRCP-AVGNDS-GE025HI","meas_flag_MLY-PRCP-AVGNDS-GE025HI","comp_flag_MLY-PRCP-AVGNDS-GE025HI","years_MLY-PRCP-AVGNDS-GE025HI","MLY-PRCP-AVGNDS-GE050HI","meas_flag_MLY-PRCP-AVGNDS-GE050HI","comp_flag_MLY-PRCP-AVGNDS-GE050HI","years_MLY-PRCP-AVGNDS-GE050HI","MLY-PRCP-AVGNDS-GE100HI","meas_flag_MLY-PRCP-AVGNDS-GE100HI","comp_flag_MLY-PRCP-AVGNDS-GE100HI","years_MLY-PRCP-AVGNDS-GE100HI","MLY-PRCP-AVGNDS-GE200HI","meas_flag_MLY-PRCP-AVGNDS-GE200HI","comp_flag_MLY-PRCP-AVGNDS-GE200HI","years_MLY-PRCP-AVGNDS-GE200HI","MLY-PRCP-AVGNDS-GE400HI","meas_flag_MLY-PRCP-AVGNDS-GE400HI","comp_flag_MLY-PRCP-AVGNDS-GE400HI","years_MLY-PRCP-AVGNDS-GE400HI","MLY-PRCP-AVGNDS-GE600HI","meas_flag_MLY-PRCP-AVGNDS-GE600HI","comp_flag_MLY-PRCP-AVGNDS-GE600HI","years_MLY-PRCP-AVGNDS-GE600HI","MLY-PRCP-25PCTL","meas_flag_MLY-PRCP-25PCTL","comp_flag_MLY-PRCP-25PCTL","years_MLY-PRCP-25PCTL","MLY-PRCP-50PCTL","meas_flag_MLY-PRCP-50PCTL","comp_flag_MLY-PRCP-50PCTL","years_MLY-PRCP-50PCTL","MLY-PRCP-75PCTL","meas_flag_MLY-PRCP-75PCTL","comp_flag_MLY-PRCP-75PCTL","years_MLY-PRCP-75PCTL","MLY-PRCP-20PCTL","meas_flag_MLY-PRCP-20PCTL","comp_flag_MLY-PRCP-20PCTL","years_MLY-PRCP-20PCTL","MLY-PRCP-40PCTL","meas_flag_MLY-PRCP-40PCTL","comp_flag_MLY-PRCP-40PCTL","years_MLY-PRCP-40PCTL","MLY-PRCP-60PCTL","meas_flag_MLY-PRCP-60PCTL","comp_flag_MLY-PRCP-60PCTL","years_MLY-PRCP-60PCTL","MLY-PRCP-80PCTL","meas_flag_MLY-PRCP-80PCTL","comp_flag_MLY-PRCP-80PCTL","years_MLY-PRCP-80PCTL","MLY-PRCP-33PCTL","meas_flag_MLY-PRCP-33PCTL","comp_flag_MLY-PRCP-33PCTL","years_MLY-PRCP-33PCTL","MLY-PRCP-67PCTL","meas_flag_MLY-PRCP-67PCTL","comp_flag_MLY-PRCP-67PCTL","years_MLY-PRCP-67PCTL"
"USC00452505","01"," 46.9692","-120.5400"," 451.1","ELLENSBURG, WA US","01","99","99","    27.6"," ","R","11","    34.9"," ","R","15","    20.3"," ","R","11","    14.7"," ","R","11","     4.7"," ","R","11","     4.1"," ","R","15","     5.6"," ","R","11","     2.5"," ","R","11","     1.6"," ","R","11","     4.3"," ","R","11","    12.3"," ","R","11","    29.4"," ","R","11","    30.9"," ","R","11","    31.0"," ","R","11","    31.0"," ","R","11","    31.0"," ","R","11","    20.9"," ","R","15","    10.3"," ","R","15","     1.1"," ","R","15","     0.1"," ","R","15","     0.0"," ","R","15","     0.0"," ","R","15","     0.0"," ","R","15","     0.0"," ","R","15","    11.0"," ","R","15","  1159.3"," ","R","11","   386.5"," ","R","11","   539.4"," ","R","11","   694.3"," ","R","11","   849.3"," ","R","11","   911.3"," ","R","11","  1004.3"," ","R","11","     0.0"," ","R","11","     2.2"," ","R","11","     0.2"," ","R","11","     0.0"," ","R","11","     0.0"," ","R","11","     0.0"," ","R","11","     0.0"," ","R","11","     0.0"," ","R","11","     0.0"," ","R","11","     0.0"," ","R","11","     2.2"," ","R","11","     0.2"," ","R","11","     0.0"," ","R","11","     0.0"," ","R","11","     0.0"," ","R","11","     0.0"," ","R","11","     0.0"," ","R","11","     0.0"," ","R","11","     3.2"," ","R","11","     1.8"," ","R","11","    97.2"," ","S","11","    99.3"," ","S","11","   100.0"," ","S","11","   100.0"," ","S","11","   100.0"," ","S","11","   100.0"," ","S","11","    1.10"," ","S","13","     8.7"," ","S","15","     4.2"," ","S","15","     1.6"," ","S","15","     0.3"," ","S","15","     0.1"," ","S","15","     0.0"," ","S","15","     0.0"," ","S","15","     0.0"," ","S","15","    0.76"," ","S","13","    0.94"," ","S","13","    1.41"," ","S","13","    0.65"," ","S","13","    0.85"," ","S","13","    1.10"," ","S","13","    1.61"," ","S","13","    0.82"," ","S","13","    1.22"," ","S","13"
"USC00452505","02"," 46.9692","-120.5400"," 451.1","ELLENSBURG, WA US","02","99","99","    32.6"," ","R","11","    42.7"," ","R","15","    22.6"," ","R","11","    20.1"," ","R","11","     4.9"," ","R","11","     5.8"," ","R","15","     4.5"," ","R","11","     3.1"," ","R","11","     0.4"," ","R","11","     2.3"," ","R","11","     7.8"," ","R","11","    24.3"," ","R","11","    27.9"," ","R","11","    28.0"," ","R","11","    28.0"," ","R","11","    28.0"," ","R","11","    25.2"," ","R","15","    19.4"," ","R","15","     5.8"," ","R","15","     0.5"," ","R","15","     0.0"," ","R","15","     0.0"," ","R","15","     0.0"," ","R","15","     0.0"," ","R","15","     3.5"," ","R","15","   905.8"," ","R","11","   216.0"," ","R","11","   346.6"," ","R","11","   485.8"," ","R","11","   625.8"," ","R","11","   681.8"," ","R","11","   765.8"," ","R","11","     0.0"," ","R","11","    10.2"," ","R","11","     0.9"," ","R","11","     0.0"," ","R","11","     0.0"," ","R","11","     0.0"," ","R","11","     0.0"," ","R","11","     0.0"," ","R","11","     0.0"," ","R","11","     0.0"," ","R","11","    10.2"," ","R","11","     0.9"," ","R","11","     0.0"," ","R","11","     0.0"," ","R","11","     0.0"," ","R","11","     0.0"," ","R","11","     0.0"," ","R","11","     0.0"," ","R","11","    18.9"," ","R","11","    12.2"," ","R","11","    84.9"," ","S","11","    96.9"," ","S","11","   100.0"," ","S","11","   100.0"," ","S","11","   100.0"," ","S","11","   100.0"," ","S","11","    0.81"," ","S","14","     7.3"," ","S","15","     2.9"," ","S","15","     0.8"," ","S","15","     0.1"," ","S","15","     0.0"," ","S","15","     0.0"," ","S","15","     0.0"," ","S","15","     0.0"," ","S","15","    0.32"," ","S","14","    0.79"," ","S","14","    1.10"," ","S","14","    0.31"," ","S","14","    0.54"," ","S","14","    0.89"," ","S","14","    1.11"," ","S","14","    0.38"," ","S","14","    1.02"," ","S","14"
"USC00452505","03"," 46.9692","-120.5400"," 451.1","ELLENSBURG, WA US","03","99","99","    39.1"," ","R","12","    51.2"," ","R","15","    27.0"," ","R","12","    24.1"," ","R","12","     3.0"," ","R","12","     4.0"," ","R","15","     2.5"," ","R","12","     3.1"," ","R","12","     0.1"," ","R","12","     0.4"," ","R","12","     2.7"," ","R","12","    23.4"," ","R","12","    30.8"," ","R","12","    31.0"," ","R","12","    31.0"," ","R","12","    31.0"," ","R","12","    30.2"," ","R","15","    28.8"," ","R","15","    19.9"," ","R","15","     3.8"," ","R","15","     0.3"," ","R","15","     0.0"," ","R","15","     0.0"," ","R","15","     0.0"," ","R","15","     0.9"," ","R","15","   802.9"," ","R","12","    84.6"," ","R","12","   194.9"," ","R","12","   339.7"," ","R","12","   493.0"," ","R","12","   554.9"," ","R","12","   647.9"," ","R","12","     0.0"," ","R","12","    56.7"," ","R","12","    12.0"," ","R","12","     1.8"," ","R","12","     0.1"," ","R","12","     0.0","X","R","12","     0.0","X","R","12","     0.0"," ","R","12","     0.0"," ","R","12","     0.0"," ","R","12","    56.7"," ","R","12","    12.0"," ","R","12","     1.8"," ","R","12","     0.1"," ","R","12","     0.0","X","R","12","     0.0","X","R","12","     0.0"," ","R","12","     0.0"," ","R","12","    74.7"," ","R","12","    54.5"," ","R","12","    45.3"," ","S","12","    81.9"," ","S","12","    98.8"," ","S","12","   100.0"," ","S","12","   100.0"," ","S","12","   100.0"," ","S","12","    0.90"," ","S","14","     7.9"," ","S","15","     3.0"," ","S","15","     0.7"," ","S","15","     0.2"," ","S","15","     0.1"," ","S","15","     0.0"," ","S","15","     0.0"," ","S","15","     0.0"," ","S","15","    0.36"," ","S","14","    0.64"," ","S","14","    1.45"," ","S","14","    0.30"," ","S","14","    0.61"," ","S","14","    0.67"," ","S","14","    1.50"," ","S","14","    0.52"," ","S","14","    0.94"," ","S","14"
"USC00452505","04"," 46.9692","-120.5400"," 451.1","ELLENSBURG, WA US","04","99","99","    46.9"," ","R","12","    59.8"," ","R","15","    34.0"," ","R","12","    25.8"," ","R","12","     2.9"," ","R","12","     3.7"," ","R","15","     2.7"," ","R","12","     2.9"," ","R","12","     0.0"," ","R","12","     0.0"," ","R","12","     0.3"," ","R","12","    11.5"," ","R","12","    24.5"," ","R","12","    30.0"," ","R","12","    30.0"," ","R","12","    30.0"," ","R","12","    30.0"," ","R","15","    30.0"," ","R","15","    28.1"," ","R","15","    13.7"," ","R","15","     4.5"," ","R","15","     0.7"," ","R","15","     0.0"," ","R","15","     0.0"," ","R","15","     0.0"," ","R","15","   543.0"," ","R","12","    10.8"," ","R","12","    49.4"," ","R","12","   135.3"," ","R","12","   255.6"," ","R","12","   310.2"," ","R","12","   395.4"," ","R","12","     0.2"," ","R","12","   217.9"," ","R","12","   106.7"," ","R","12","    42.4"," ","R","12","    12.7"," ","R","12","     7.3"," ","R","12","     2.5"," ","R","12","     0.0","X","R","12","     0.0"," ","R","12","     0.2"," ","R","12","   217.9"," ","R","12","   106.7"," ","R","12","    42.4"," ","R","12","    12.7"," ","R","12","     7.3"," ","R","12","     2.5"," ","R","12","     0.0","X","R","12","     0.0"," ","R","12","   177.9"," ","R","12","   150.0"," ","R","12","     0.0"," ","S","12","    14.6"," ","S","12","    58.0"," ","S","12","    91.1"," ","S","12","    99.6"," ","S","12","   100.0"," ","S","12","    0.55"," ","S","14","     5.4"," ","S","15","     1.9"," ","S","15","     0.7"," ","S","15","     0.1"," ","S","15","     0.0"," ","S","15","     0.0"," ","S","15","     0.0"," ","S","15","     0.0"," ","S","15","    0.18"," ","S","14","    0.45"," ","S","14","    0.81"," ","S","14","    0.10"," ","S","14","    0.37"," ","S","14","    0.61"," ","S","14","    0.86"," ","S","14","    0.31"," ","S","14","    0.77"," ","S","14"
"USC00452505","05"," 46.9692","-120.5400"," 451.1","ELLENSBURG, WA US","05","99","99","    56.3"," ","R","11","    69.9"," ","R","13","    42.7"," ","R","11","    27.2"," ","R","11","     3.4"," ","R","11","     4.5"," ","R","13","     2.8"," ","R","11","     2.9"," ","R","11","     0.0"," ","R","11","     0.0"," ","R","11","     0.0"," ","R","11","     1.9"," ","R","11","     9.0"," ","R","11","    26.4"," ","R","11","    30.9"," ","R","11","    31.0"," ","R","11","    31.0"," ","R","13","    31.0"," ","R","13","    31.0"," ","R","13","    26.2"," ","R","13","    14.7"," ","R","13","     5.4"," ","R","13","     0.5"," ","R","13","     0.0"," ","R","13","     0.0"," ","R","13","   283.0"," ","R","11","     0.0","X","R","11","     2.4"," ","R","11","    20.1"," ","R","11","    71.2"," ","R","11","   102.1"," ","R","11","   160.9"," ","R","11","    13.1"," ","R","11","   505.2"," ","R","11","   352.4"," ","R","11","   215.2"," ","R","11","   111.4"," ","R","11","    80.2"," ","R","11","    46.0"," ","R","11","     2.0"," ","R","11","     1.0"," ","R","11","    13.1"," ","R","11","   505.2"," ","R","11","   352.4"," ","R","11","   215.2"," ","R","11","   111.4"," ","R","11","    80.2"," ","R","11","    46.0"," ","R","11","     2.0"," ","R","11","     1.0"," ","R","11","   347.7"," ","R","11","   311.6"," ","R","11","     0.0"," ","S","11","     0.0"," ","S","11","     0.0"," ","S","11","    19.8"," ","S","11","    71.1"," ","S","11","    95.8"," ","S","11","    0.96"," ","S","12","     6.9"," ","S","13","     2.9"," ","S","13","     0.9"," ","S","13","     0.2"," ","S","13","     0.1"," ","S","13","     0.1"," ","S","13","     0.0"," ","S","13","     0.0"," ","S","13","    0.41"," ","S","12","    0.88"," ","S","12","    1.21"," ","S","12","    0.36"," ","S","12","    0.74"," ","S","12","    0.95"," ","S","12","    1.33"," ","S","12","    0.54"," ","S","12","    1.01"," ","S","12"
"USC00452505","06"," 46.9692","-120.5400"," 451.1","ELLENSBURG, WA US","06","99","99","    62.6"," ","R","12","    75.9"," ","R","13","    49.2"," ","R","12","    26.7"," ","R","12","     2.9"," ","R","12","     4.2"," ","R","13","     1.9"," ","R","12","     2.9"," ","R","12","     0.0"," ","R","12","     0.0"," ","R","12","     0.0"," ","R","12","     0.0"," ","R","12","     2.0"," ","R","12","    17.1"," ","R","12","    28.7"," ","R","12","    30.0"," ","R","12","    30.0"," ","R","13","    30.0"," ","R","13","    30.0"," ","R","13","    28.8"," ","R","13","    20.9"," ","R","13","    10.0"," ","R","13","     2.6"," ","R","13","     0.4"," ","R","13","     0.0"," ","R","13","   132.5"," ","R","12","     0.0"," ","R","12","     0.0","X","R","12","     1.4"," ","R","12","    12.8"," ","R","12","    24.9"," ","R","12","    53.2"," ","R","12","    59.1"," ","R","12","   676.6"," ","R","12","   526.7"," ","R","12","   378.0"," ","R","12","   239.4"," ","R","12","   191.5"," ","R","12","   129.8"," ","R","12","    20.8"," ","R","12","    12.5"," ","R","12","    59.1"," ","R","12","   676.6"," ","R","12","   526.7"," ","R","12","   378.0"," ","R","12","   239.4"," ","R","12","   191.5"," ","R","12","   129.8"," ","R","12","    20.8"," ","R","12","    12.5"," ","R","12","   450.1"," ","R","12","   404.8"," ","R","12","     0.0"," ","S","12","     0.0"," ","S","12","     0.0"," ","S","12","     0.0"," ","S","12","     1.4"," ","S","12","    25.0"," ","S","12","    0.39"," ","S","14","     5.2"," ","S","14","     1.4"," ","S","14","     0.2"," ","S","14","     0.0"," ","S","14","     0.0"," ","S","14","     0.0"," ","S","14","     0.0"," ","S","14","     0.0"," ","S","14","    0.18"," ","S","14","    0.34"," ","S","14","    0.61"," ","S","14","    0.16"," ","S","14","    0.28"," ","S","14","    0.45"," ","S","14","    0.61"," ","S","14","    0.21"," ","S","14","    0.51"," ","S","14"
"USC00452505","07"," 46.9692","-120.5400"," 451.1","ELLENSBURG, WA US","07","99","99","    70.0"," ","R","12","    85.8"," ","R","14","    54.3"," ","R","12","    31.5"," ","R","12","     2.5"," ","R","12","     3.4"," ","R","14","     1.7"," ","R","12","     2.2"," ","R","12","     0.0"," ","R","12","     0.0"," ","R","12","     0.0"," ","R","12","     0.1"," ","R","12","     0.3"," ","R","12","     7.7"," ","R","12","    27.0"," ","R","12","    31.0"," ","R","12","    31.0"," ","R","14","    31.0"," ","R","14","    31.0"," ","R","14","    30.7"," ","R","14","    29.1"," ","R","14","    22.0"," ","R","14","    11.0"," ","R","14","     0.9"," ","R","14","     0.0"," ","R","14","    31.8"," ","R","12","     0.0"," ","R","12","     0.0"," ","R","12","     0.4"," ","R","12","     2.5"," ","R","12","     4.4"," ","R","12","     9.6"," ","R","12","   188.0"," ","R","12","   931.3"," ","R","12","   776.0"," ","R","12","   621.7"," ","R","12","   468.7"," ","R","12","   408.6"," ","R","12","   320.8"," ","R","12","    85.8"," ","R","12","    56.5"," ","R","12","   188.0"," ","R","12","   931.3"," ","R","12","   776.0"," ","R","12","   621.7"," ","R","12","   468.7"," ","R","12","   408.6"," ","R","12","   320.8"," ","R","12","    85.8"," ","R","12","    56.5"," ","R","12","   635.6"," ","R","12","   578.9"," ","R","12","     0.0"," ","R","12","     0.0"," ","R","12","     0.0"," ","R","12","     0.0"," ","R","12","     0.0"," ","R","12","     1.5"," ","R","12","    0.18"," ","S","14","     2.0"," ","S","15","     0.5"," ","S","15","     0.2"," ","S","15","     0.1"," ","S","15","     0.0"," ","S","15","     0.0"," ","S","15","     0.0"," ","S","15","     0.0"," ","S","15","    0.00"," ","S","14","    0.05"," ","S","14","    0.18"," ","S","14","    0.00"," ","S","14","    0.02"," ","S","14","    0.05"," ","S","14","    0.30"," ","S","14","    0.01"," ","S","14","    0.08"," ","S","14"
"USC00452505","08"," 46.9692","-120.5400"," 451.1","ELLENSBURG, WA US","08","99","99","    68.9"," ","R","12","    85.2"," ","R","14","    52.6"," ","R","12","    32.6"," ","R","12","     1.6"," ","R","12","     2.1"," ","R","14","     1.6"," ","R","12","     2.0"," ","R","12","     0.0"," ","R","12","     0.0"," ","R","12","     0.0"," ","R","12","     0.2"," ","R","12","     1.4"," ","R","12","    11.1"," ","R","12","    28.7"," ","R","12","    31.0"," ","R","12","    31.0"," ","R","14","    31.0"," ","R","14","    31.0"," ","R","14","    31.0"," ","R","14","    30.1"," ","R","14","    24.0"," ","R","14","     9.1"," ","R","14","     0.9"," ","R","14","     0.0"," ","R","14","    29.4"," ","R","12","     0.0"," ","R","12","     0.0"," ","R","12","     0.4"," ","R","12","     1.8"," ","R","12","     3.2"," ","R","12","     7.9"," ","R","12","   150.1"," ","R","12","   895.8"," ","R","12","   740.5"," ","R","12","   586.2"," ","R","12","   432.5"," ","R","12","   371.9"," ","R","12","   283.6"," ","R","12","    57.4"," ","R","12","    34.7"," ","R","12","   150.1"," ","R","12","   895.8"," ","R","12","   740.5"," ","R","12","   586.2"," ","R","12","   432.5"," ","R","12","   371.9"," ","R","12","   283.6"," ","R","12","    57.4"," ","R","12","    34.7"," ","R","12","   623.9"," ","R","12","   568.1"," ","R","12","     0.0"," ","S","12","     0.0"," ","S","12","     0.0"," ","S","12","     0.0"," ","S","12","     0.0"," ","S","12","     0.0"," ","S","12","    0.14"," ","S","13","     2.0"," ","S","15","     0.5"," ","S","15","     0.1"," ","S","15","     0.0"," ","S","15","     0.0"," ","S","15","     0.0"," ","S","15","     0.0"," ","S","15","     0.0"," ","S","15","    0.01"," ","S","13","    0.03"," ","S","13","    0.14"," ","S","13","    0.00"," ","S","13","    0.02"," ","S","13","    0.08"," ","S","13","    0.19"," ","S","13","    0.02"," ","S","13","    0.09"," ","S","13"
"USC00452505","09"," 46.9692","-120.5400"," 451.1","ELLENSBURG, WA US","09","99","99","    60.0"," ","R","11","    75.9"," ","R","13","    44.0"," ","R","11","    31.9"," ","R","11","     1.6"," ","R","11","     2.4"," ","R","13","     1.9"," ","R","11","     2.9"," ","R","11","     0.0"," ","R","11","     0.0"," ","R","11","     0.2"," ","R","11","     2.1"," ","R","11","     9.1"," ","R","11","    25.1"," ","R","11","    29.8"," ","R","11","    30.0"," ","R","11","    30.0"," ","R","13","    30.0"," ","R","13","    29.9"," ","R","13","    29.5"," ","R","13","    22.0"," ","R","13","    10.1"," ","R","13","     2.1"," ","R","13","     0.0"," ","R","13","     0.0"," ","R","13","   180.6"," ","R","11","     0.1"," ","R","11","     1.2"," ","R","11","     6.6"," ","R","11","    27.6"," ","R","11","    44.5"," ","R","11","    82.4"," ","R","11","    28.9"," ","R","11","   598.5"," ","R","11","   449.5"," ","R","11","   305.0"," ","R","11","   176.0"," ","R","11","   132.8"," ","R","11","    80.8"," ","R","11","     6.7"," ","R","11","     3.1"," ","R","11","    28.9"," ","R","11","   598.5"," ","R","11","   449.5"," ","R","11","   305.0"," ","R","11","   176.0"," ","R","11","   132.8"," ","R","11","    80.8"," ","R","11","     6.7"," ","R","11","     3.1"," ","R","11","   430.5"," ","R","11","   393.0"," ","R","11","     0.0"," ","S","11","     0.0"," ","S","11","     0.0"," ","S","11","     3.0"," ","S","11","    35.9"," ","S","11","    83.6"," ","S","11","    0.44"," ","S","14","     3.3"," ","S","14","     1.3"," ","S","14","     0.6"," ","S","14","     0.2"," ","S","14","     0.0"," ","S","14","     0.0"," ","S","14","     0.0"," ","S","14","     0.0"," ","S","14","    0.04"," ","S","14","    0.30"," ","S","14","    0.56"," ","S","14","    0.03"," ","S","14","    0.17"," ","S","14","    0.33"," ","S","14","    0.73"," ","S","14","    0.10"," ","S","14","    0.38"," ","S","14"
"USC00452505","10"," 46.9692","-120.5400"," 451.1","ELLENSBURG, WA US","10","99","99","    47.5"," ","R","12","    61.2"," ","R","14","    33.8"," ","R","12","    27.4"," ","R","12","     2.5"," ","R","12","     3.2"," ","R","14","     2.5"," ","R","12","     2.9"," ","R","12","     0.0"," ","R","12","     0.0"," ","R","12","     0.5"," ","R","12","    12.6"," ","R","12","    24.7"," ","R","12","    30.9"," ","R","12","    31.0"," ","R","12","    31.0"," ","R","12","    31.0"," ","R","14","    30.8"," ","R","14","    28.8"," ","R","14","    18.5"," ","R","14","     3.7"," ","R","14","     0.7"," ","R","14","     0.0"," ","R","14","     0.0"," ","R","14","     0.0"," ","R","14","   542.4"," ","R","12","    11.3"," ","R","12","    42.0"," ","R","12","   123.8"," ","R","12","   246.7"," ","R","12","   302.5"," ","R","12","   390.0"," ","R","12","     0.1"," ","R","12","   243.9"," ","R","12","   119.8"," ","R","12","    46.4"," ","R","12","    14.3"," ","R","12","     8.1"," ","R","12","     2.6"," ","R","12","     0.0","X","R","12","     0.0"," ","R","12","     0.1"," ","R","12","   243.9"," ","R","12","   119.8"," ","R","12","    46.4"," ","R","12","    14.3"," ","R","12","     8.1"," ","R","12","     2.6"," ","R","12","     0.0","X","R","12","     0.0"," ","R","12","   209.0"," ","R","12","   179.9"," ","R","12","     8.2"," ","S","12","    26.2"," ","S","12","    60.6"," ","S","12","    90.7"," ","S","12","   100.0"," ","S","12","   100.0"," ","S","12","    1.01"," ","S","12","     8.4"," ","S","14","     3.1"," ","S","14","     1.4"," ","S","14","     0.2"," ","S","14","     0.0"," ","S","14","     0.0"," ","S","14","     0.0"," ","S","14","     0.0"," ","S","14","    0.56"," ","S","12","    0.78"," ","S","12","    1.31"," ","S","12","    0.46"," ","S","12","    0.68"," ","S","12","    1.10"," ","S","12","    1.45"," ","S","12","    0.67"," ","S","12","    1.15"," ","S","12"
"USC00452505","11"," 46.9692","-120.5400"," 451.1","ELLENSBURG, WA US","11","99","99","    36.3"," ","R","12","    46.1"," ","R","15","    26.4"," ","R","12","    19.7"," ","R","12","     2.5"," ","R","12","     2.6"," ","R","15","     3.0"," ","R","12","     2.4"," ","R","12","     0.1"," ","R","12","     1.2"," ","R","12","     4.9"," ","R","12","    22.9"," ","R","12","    29.1"," ","R","12","    30.0"," ","R","12","    30.0"," ","R","12","    30.0"," ","R","12","    28.7"," ","R","15","    23.8"," ","R","15","    11.6"," ","R","15","     1.6"," ","R","15","     0.0"," ","R","15","     0.0"," ","R","15","     0.0"," ","R","15","     0.0"," ","R","15","     1.6"," ","R","15","   862.5"," ","R","12","   147.5"," ","R","12","   269.2"," ","R","12","   412.9"," ","R","12","   562.5"," ","R","12","   622.5"," ","R","12","   712.5"," ","R","12","     0.0"," ","R","12","    35.1"," ","R","12","     6.7"," ","R","12","     0.4"," ","R","12","     0.0","X","R","12","     0.0"," ","R","12","     0.0"," ","R","12","     0.0"," ","R","12","     0.0"," ","R","12","     0.0"," ","R","12","    35.1"," ","R","12","     6.7"," ","R","12","     0.4"," ","R","12","     0.0","X","R","12","     0.0"," ","R","12","     0.0"," ","R","12","     0.0"," ","R","12","     0.0"," ","R","12","    37.0"," ","R","12","    25.2"," ","R","12","    67.6"," ","S","12","    92.1"," ","S","12","    98.1"," ","S","12","   100.0"," ","S","12","   100.0"," ","S","12","   100.0"," ","S","12","    1.01"," ","S","12","     9.2"," ","S","15","     3.2"," ","S","15","     1.2"," ","S","15","     0.3"," ","S","15","     0.0"," ","S","15","     0.0"," ","S","15","     0.0"," ","S","15","     0.0"," ","S","15","    0.56"," ","S","12","    0.70"," ","S","12","    1.26"," ","S","12","    0.52"," ","S","12","    0.65"," ","S","12","    0.74"," ","S","12","    1.58"," ","S","12","    0.61"," ","S","12","    0.82"," ","S","12"
"USC00452505","12"," 46.9692","-120.5400"," 451.1","ELLENSBURG, WA US","12","99","99","    27.1"," ","R","10","    34.8"," ","R","14","    19.4"," ","R","10","    15.4"," ","R","10","     3.5"," ","R","10","     3.4"," ","R","14","     4.2"," ","R","10","     2.9"," ","R","10","     1.2"," ","R","10","     4.9"," ","R","10","    15.0"," ","R","10","    29.4"," ","R","10","    31.0"," ","R","10","    31.0"," ","R","10","    31.0"," ","R","10","    31.0"," ","R","10","    20.1"," ","R","14","     9.8"," ","R","14","     1.3"," ","R","14","     0.0"," ","R","14","     0.0"," ","R","14","     0.0"," ","R","14","     0.0"," ","R","14","     0.0"," ","R","14","    12.6"," ","R","14","  1174.4"," ","R","10","   401.1"," ","R","10","   554.4"," ","R","10","   709.6"," ","R","10","   864.6"," ","R","10","   926.5"," ","R","10","  1019.5"," ","R","10","     0.0"," ","R","10","     1.5"," ","R","10","     0.1"," ","R","10","     0.0"," ","R","10","     0.0"," ","R","10","     0.0"," ","R","10","     0.0"," ","R","10","     0.0"," ","R","10","     0.0"," ","R","10","     0.0"," ","R","10","     1.5"," ","R","10","     0.1"," ","R","10","     0.0"," ","R","10","     0.0"," ","R","10","     0.0"," ","R","10","     0.0"," ","R","10","     0.0"," ","R","10","     0.0"," ","R","10","     2.4"," ","R","10","     1.0"," ","R","10","    97.8"," ","S","10","    99.7"," ","S","10","   100.0"," ","S","10","   100.0"," ","S","10","   100.0"," ","S","10","   100.0"," ","S","10","    1.21"," ","S","12","     9.8"," ","S","14","     4.0"," ","S","14","     1.4"," ","S","14","     0.5"," ","S","14","     0.0"," ","S","14","     0.0"," ","S","14","     0.0"," ","S","14","     0.0"," ","S","14","    0.67"," ","S","12","    0.79"," ","S","12","    1.42"," ","S","12","    0.66"," ","S","12","    0.74"," ","S","12","    0.91"," ","S","12","    1.74"," ","S","12","    0.71"," ","S","12","    0.99"," ","S","12"
